_RAJ2000	_DEJ2000	_V	TYC1	TYC2	TYC3	RAJ2000	DEJ2000	VTmag	BTmag	r_SpType	Dist	Teff	SpType	recno
--------------	--------------	----------	----	-----	-	------------	------------	------	------	----------	------	-----	----------	--------
313.1985407100	+42.9315564800	VizieR	3175	37	1	313.19854071	+42.93155648	9.186	9.752	ppN	0.314	6200	F8	114810
314.8879706600	+43.0643037800	VizieR	3175	71	1	314.88797066	+43.06430378	8.067	8.156	ppN	0.020	11900	B8	114811
314.2000846400	+42.8956629500	VizieR	3175	75	1	314.20008464	+42.89566295	7.308	8.431	j64	2.604	4750	K0III-IV	114812
313.4640172700	+42.3831309700	VizieR	3175	84	1	313.46401727	+42.38313097	10.860	11.424	ppN	0.092	6440	F5	114813
313.8765003600	+42.9896894400	VizieR	3175	105	1	313.87650036	+42.98968944	9.802	9.876	ppN	0.022	8970	A2	114814
314.7979478100	+42.9237934900	VizieR	3175	109	1	314.79794781	+42.92379349	10.653	11.103	ppN	0.044	9520	A0	114815
314.0782904500	+42.7687223500	VizieR	3175	121	1	314.07829045	+42.76872235	6.803	8.117	k83	0.340	4600	K 1 IV	114816
314.7394848900	+42.3779040300	VizieR	3175	134	1	314.73948489	+42.37790403	9.161	11.055	ppN	0.211	3950	K5	114817
313.8248200000	+42.5134878600	VizieR	3175	170	1	313.82482000	+42.51348786	7.120	7.006	ppN	0.055	10500	B9	114818
314.6289691800	+41.9399279300	VizieR	3175	186	1	314.62896918	+41.93992793	6.143	6.059	k83	0.100	11900	B 8 V	114819
313.2216861800	+42.6077396500	VizieR	3175	208	1	313.22168618	+42.60773965	8.499	9.052	k83	0.023	30000	B 0 V	114820
314.2889127400	+42.1285554200	VizieR	3175	210	1	314.28891274	+42.12855542	9.259	9.873	ppN	0.197	6030	G0	114821
314.7081243200	+42.4818285200	VizieR	3175	226	1	314.70812432	+42.48182852	10.181	11.432	ppN	0.164	4750	K0	114822
314.2161721000	+42.9293254600	VizieR	3175	251	1	314.21617210	+42.92932546	9.134	9.258	ppN	0.120	8970	A2	114824
314.0562992500	+42.1975227500	VizieR	3175	274	1	314.05629925	+42.19752275	9.055	10.623	ppN	0.066	4420	K2	114825
313.8307320700	+42.7255070600	VizieR	3175	287	1	313.83073207	+42.72550706	8.814	9.170	ppN	0.021	8970	A2	114826
313.4134495000	+42.7014922200	VizieR	3175	293	1	313.41344950	+42.70149222	8.720	8.720	ppN	0.094	11900	B8	114827
314.8047786200	+42.9463760900	VizieR	3175	369	1	314.80477862	+42.94637609	11.136	11.424	ppN	0.094	8970	A2	114828
313.2079548000	+43.1081234200	VizieR	3175	481	1	313.20795480	+43.10812342	8.341	10.293	ppN	0.160	3950	K5	114831
313.3078748300	+42.3630795000	VizieR	3175	504	1	313.30787483	+42.36307950	8.940	9.248	k83	0.192	8200	A M	114832
313.5764514700	+42.6429973300	VizieR	3175	527	1	313.57645147	+42.64299733	9.476	11.348	ppN	0.078	3450	M2	114834
313.0974195800	+42.4802446600	VizieR	3175	552	1	313.09741958	+42.48024466	8.558	9.823	ppN	0.174	4750	K0	114836
314.8525779500	+42.3244700900	VizieR	3175	615	1	314.85257795	+42.32447009	6.451	6.359	ppN	0.146	10500	B9	114838
314.3701865600	+42.4447890500	VizieR	3175	698	1	314.37018656	+42.44478905	7.442	9.101	k83	0.406	4420	K 2 III	114841
314.6814795200	+41.6496109200	VizieR	3175	742	1	314.68147952	+41.64961092	8.540	9.941	ppN	0.023	6890	F2	114842
313.8680387800	+42.2401985000	VizieR	3175	785	1	313.86803878	+42.24019850	9.480	9.749	ppN	0.108	8200	A5	114843
314.4804245900	+41.8757089300	VizieR	3175	832	1	314.48042459	+41.87570893	9.110	9.359	ppN	0.224	8200	A5	114844
313.3599586000	+42.4102032000	VizieR	3175	1077	1	313.35995860	+42.41020320	6.658	6.638	k83	0.082	9230	A 1 V	114853
315.5417224800	+42.9993684300	VizieR	3176	277	1	315.54172248	+42.99936843	9.041	10.223	ppN	0.139	4750	K0	114854
315.9418625600	+42.2780295200	VizieR	3176	330	1	315.94186256	+42.27802952	9.144	9.440	ppN	0.023	15400	B5	114855
316.5730774200	+41.9001200400	VizieR	3176	352	1	316.57307742	+41.90012004	10.642	11.205	ppN	0.070	6200	F8	114856
315.5934787400	+42.6010460300	VizieR	3176	555	1	315.59347874	+42.60104603	10.544	10.851	ppN	0.108	8200	A5	114857
315.1243373200	+42.1874991500	VizieR	3176	562	1	315.12433732	+42.18749915	9.141	9.301	ppN	0.153	9520	A0	114858
315.0013623900	+42.9312658100	VizieR	3176	597	1	315.00136239	+42.93126581	7.756	8.068	ppN	0.361	8720	A3	114859
317.2712675700	+41.5809759800	VizieR	3176	692	1	317.27126757	+41.58097598	8.323	9.706	ppN	0.119	4420	K2	114860
317.0805572200	+42.0160581500	VizieR	3176	1002	1	317.08055722	+42.01605815	9.654	10.694	ppN	0.290	4750	K0	114861
315.5086822600	+42.8535841100	VizieR	3176	1023	1	315.50868226	+42.85358411	9.035	10.483	ppN	0.259	4420	K2	114862
315.8061938200	+41.6775980900	VizieR	3176	1072	1	315.80619382	+41.67759809	8.819	9.321	ppN	0.191	6030	G0	114863
316.2538993900	+41.4137499200	VizieR	3176	1120	1	316.25389939	+41.41374992	9.926	10.270	ppN	0.123	8970	A2	114864
316.1971840700	+41.7306180200	VizieR	3176	1162	1	316.19718407	+41.73061802	10.325	10.510	ppN	0.096	8970	A2	114865
315.0265842500	+42.5975526800	VizieR	3176	1217	1	315.02658425	+42.59755268	9.700	11.893	j64	0.008	6900	F5,5IB-G5IB	114866
315.5603116200	+41.6327557200	VizieR	3176	1226	1	315.56031162	+41.63275572	10.647	11.688	ppN	0.138	15400	B5	114867
316.1958359600	+42.4896546400	VizieR	3176	1267	1	316.19583596	+42.48965464	8.508	9.884	ppN	0.142	4750	K0	114868
315.7859659500	+41.5922107800	VizieR	3176	1298	1	315.78596595	+41.59221078	9.516	10.071	ppN	0.395	6440	F5	114869
316.5118803000	+42.8579197300	VizieR	3176	1311	1	316.51188030	+42.85791973	9.717	10.220	ppN	0.202	7200	F0	114870
315.8700749700	+42.8267786400	VizieR	3176	1365	1	315.87007497	+42.82677864	9.237	10.764	ppN	0.368	4420	K2	114871
317.2616066100	+42.4814947200	VizieR	3176	1425	1	317.26160661	+42.48149472	9.674	10.141	ppN	0.174	6440	F5	114872
316.1468709400	+42.4422171700	VizieR	3176	1465	1	316.14687094	+42.44221717	8.058	10.051	ppN	0.224	3550	M1	114873
316.2981062500	+42.4321619500	VizieR	3176	1521	1	316.29810625	+42.43216195	9.395	11.132	ppN	0.057	3950	K5	114874
317.4120402500	+42.4331666200	VizieR	3176	1529	1	317.41204025	+42.43316662	7.796	7.833	ppN	0.193	9520	A0	114875
315.6678361500	+41.7530811900	VizieR	3176	1582	1	315.66783615	+41.75308119	9.067	9.400	ppN	0.080	7200	F0	114876
316.7921334500	+41.3684443300	VizieR	3176	1594	1	316.79213345	+41.36844433	9.808	9.838	ppN	0.039	9520	A0	114877
316.6008344400	+42.3794363900	VizieR	3176	1656	1	316.60083444	+42.37943639	9.470	9.999	ppN	0.655	6200	F8	114878
316.7886612400	+42.6243742200	VizieR	3176	1709	1	316.78866124	+42.62437422	9.761	10.364	ppN	0.200	6200	F8	114880
315.8971266800	+41.9543004500	VizieR	3176	1748	1	315.89712668	+41.95430045	10.506	11.605	ppN	0.561	3950	K	114881
316.7671890400	+41.5594118000	VizieR	3176	1787	1	316.76718904	+41.55941180	10.058	10.579	ppN	0.214	6890	F2	114882
315.6212968300	+41.4142251900	VizieR	3176	1834	1	315.62129683	+41.41422519	9.225	10.419	ppN	0.164	4750	K0	114883
315.9672298300	+41.6281716800	VizieR	3176	1844	1	315.96722983	+41.62817168	6.371	6.795	k83	0.435	6870	F 3 IV	114884
317.1105932200	+41.5861812100	VizieR	3176	1901	1	317.11059322	+41.58618121	8.280	8.304	ppN	0.033	10500	B9	114886
315.1258864600	+41.6449360300	VizieR	3176	1909	1	315.12588646	+41.64493603	8.941	9.480	ppN	0.017	11900	B8	114887
317.3288024700	+42.3614800900	VizieR	3176	1910	1	317.32880247	+42.36148009	10.134	10.306	ppN	0.043	11900	B8	114888
315.1222883300	+41.5840487900	VizieR	3176	1996	1	315.12228833	+41.58404879	10.052	10.345	ppN	0.157	8200	A	114889
316.7550781000	+41.4156776500	VizieR	3176	2017	1	316.75507810	+41.41567765	9.902	10.935	ppN	0.116	3950	K	114890
316.7542373200	+41.4130906000	VizieR	3176	2017	2	316.75423732	+41.41309060	10.079	10.681	ppN	0.807	6200	F8	114891
318.5163441600	+42.7812749300	VizieR	3177	19	1	318.51634416	+42.78127493	8.676	9.161	ppN	0.057	6440	F5	114893
317.5718733400	+43.1249445700	VizieR	3177	21	1	317.57187334	+43.12494457	8.991	10.196	ppN	0.086	4750	K0	114895
319.6112043400	+42.9680186300	VizieR	3177	89	1	319.61120434	+42.96801863	9.869	9.938	ppN	0.056	9520	A0	114896
317.5471842700	+41.6705023700	VizieR	3177	382	1	317.54718427	+41.67050237	10.966	11.492	ppN	0.128	8200	A5	114900
319.3465937300	+42.6835709900	VizieR	3177	439	1	319.34659373	+42.68357099	6.143	6.034	k83	0.080	13000	B 7 V N	114901
318.7712452800	+42.9526103100	VizieR	3177	617	1	318.77124528	+42.95261031	8.500	9.427	ppN	0.105	6200	F8	114905
319.5774887000	+42.7282893700	VizieR	3177	647	1	319.57748870	+42.72828937	9.532	10.895	ppN	0.252	4420	K2	114906
318.4851062600	+42.8433826400	VizieR	3177	685	1	318.48510626	+42.84338264	9.641	10.048	ppN	0.129	6890	F2	114907
319.9640879700	+43.1130609300	VizieR	3177	797	1	319.96408797	+43.11306093	9.125	10.486	ppN	0.057	5150	G5	114908
319.5802237300	+43.0640325800	VizieR	3177	953	1	319.58022373	+43.06403258	9.632	9.620	ppN	0.064	9520	A0	114909
319.4428518100	+43.0339106300	VizieR	3177	1241	1	319.44285181	+43.03391063	9.824	9.984	ppN	0.127	8970	A2	114915
318.0975096400	+42.3562064100	VizieR	3177	1309	1	318.09750964	+42.35620641	8.784	9.916	ppN	0.033	4750	K0	114917
318.3697288900	+43.1185533900	VizieR	3177	1653	1	318.36972889	+43.11855339	9.863	10.995	ppN	0.085	5150	G5	114920
319.5708409100	+42.7345263500	VizieR	3177	1766	1	319.57084091	+42.73452635	9.321	11.149	ppN	0.045	4750	K0	114921
319.0400354100	+42.5409210400	VizieR	3177	1923	1	319.04003541	+42.54092104	8.811	9.092	j64	0.025	18700	B3:PNN	114923
318.7377256400	+42.0387058200	VizieR	3177	2338	1	318.73772564	+42.03870582	9.114	9.592	ppN	0.190	6890	F2	114926
318.8634954100	+42.0263791500	VizieR	3177	2340	1	318.86349541	+42.02637915	6.707	7.737	k83	1.186	4900	G 8 IV	114927
319.1234112500	+42.2517917900	VizieR	3177	2366	1	319.12341125	+42.25179179	6.354	7.848	ppN	0.133	4420	K2	114928
318.9000349200	+42.4290729300	VizieR	3177	2399	1	318.90003492	+42.42907293	9.222	9.490	ppN	0.063	8200	A5	114929
318.9771663400	+42.1316209600	VizieR	3177	2569	1	318.97716634	+42.13162096	9.149	9.622	ppN	0.268	6890	F2	114935
317.9322787000	+41.9519923400	VizieR	3177	2641	1	317.93227870	+41.95199234	9.573	11.025	ppN	0.095	4420	K2	114936
317.7659307200	+42.6293460500	VizieR	3177	2780	1	317.76593072	+42.62934605	9.422	10.697	ppN	0.172	4750	K0	114938
318.6194195000	+42.2989479200	VizieR	3177	2841	1	318.61941950	+42.29894792	9.854	10.000	ppN	0.064	8970	A2	114939
312.3726928000	+44.0616618800	VizieR	3178	1	1	312.37269280	+44.06166188	8.733	9.849	j64	0.156	5150	G5III	114941
312.3824658400	+43.7726847200	VizieR	3178	94	1	312.38246584	+43.77268472	8.848	8.909	ppN	0.090	9520	A0	114944
312.2787041900	+43.8982072500	VizieR	3178	200	1	312.27870419	+43.89820725	9.342	9.455	j64	0.087	8720	A3V	114954
312.1624292900	+44.3132592600	VizieR	3178	217	1	312.16242929	+44.31325926	9.160	10.495	j64	0.218	4900	G8III	114955
312.2551941500	+44.2080128600	VizieR	3178	283	1	312.25519415	+44.20801286	9.296	9.658	j64	0.052	7450	A9III	114958
313.8878072400	+43.5487959500	VizieR	3179	5	1	313.88780724	+43.54879595	8.663	8.651	ppN	0.067	9520	A0	114994
313.8704455600	+44.8693907100	VizieR	3179	61	1	313.87044556	+44.86939071	9.332	10.557	ppN	0.014	4420	K2	114995
313.0404870300	+44.4346136000	VizieR	3179	69	1	313.04048703	+44.43461360	8.809	9.380	j64	0.039	30000	B0E	114996
313.8603558400	+43.3672269400	VizieR	3179	95	1	313.86035584	+43.36722694	6.875	8.617	j64	0.201	4000	K4III	114997
312.5982492900	+43.5947358500	VizieR	3179	104	1	312.59824929	+43.59473585	9.903	9.863	ppN	0.090	9520	A0	114998
314.7318387700	+44.0604495400	VizieR	3179	132	1	314.73183877	+44.06044954	6.757	8.005	ppN	0.206	4750	K0	114999
313.9576640900	+43.5727371800	VizieR	3179	161	1	313.95766409	+43.57273718	9.047	9.652	ppN	0.451	6200	F8	115000
314.4445978300	+44.1777018900	VizieR	3179	168	1	314.44459783	+44.17770189	8.607	8.819	ppN	0.088	8970	A2	115001
314.9637355100	+44.9964514800	VizieR	3179	190	1	314.96373551	+44.99645148	6.757	7.906	j64	0.014	5500	G1IB	115002
314.4715762900	+44.7881518300	VizieR	3179	265	1	314.47157629	+44.78815183	7.668	9.586	ppN	0.126	3550	M1	115003
313.1125483700	+43.2276237200	VizieR	3179	278	1	313.11254837	+43.22762372	9.347	9.935	ppN	0.894	6200	F8	115004
313.0600290200	+43.4301865700	VizieR	3179	344	1	313.06002902	+43.43018657	9.002	10.831	ppN	0.024	3950	K5	115005
313.4735570000	+44.3864093100	VizieR	3179	366	1	313.47355700	+44.38640931	7.311	8.195	j64	0.221	5860	G2V	115006
314.6812253200	+44.4145762500	VizieR	3179	399	1	314.68122532	+44.41457625	7.570	9.053	j64	0.164	5150	GP	115007
313.1826117800	+44.7148094000	VizieR	3179	412	1	313.18261178	+44.71480940	9.081	10.216	j64	0.165	6470	F7IV	115008
314.8526544600	+43.2921600700	VizieR	3179	431	1	314.85265446	+43.29216007	8.323	8.493	ppN	0.054	9520	A0	115009
314.1449118400	+44.9247262800	VizieR	3179	457	1	314.14491184	+44.92472628	5.962	5.984	j64	0.025	41000	O6	115010
313.9958676600	+44.3739301400	VizieR	3179	471	1	313.99586766	+44.37393014	6.812	6.756	j64	0.044	10500	B9V	115011
313.8419002400	+44.8798287700	VizieR	3179	475	1	313.84190024	+44.87982877	9.034	9.059	j64	0.062	10500	B9V	115012
314.1003731600	+43.1295777000	VizieR	3179	476	1	314.10037316	+43.12957770	8.593	9.643	j64	0.036	29000	B0III:	115013
314.3181115000	+43.3118697300	VizieR	3179	503	1	314.31811150	+43.31186973	8.976	9.424	ppN	0.049	6440	F5	115014
313.0975245100	+43.1532446400	VizieR	3179	518	1	313.09752451	+43.15324464	9.433	9.721	ppN	0.248	7200	F0	115015
313.6164572400	+43.4678448600	VizieR	3179	539	1	313.61645724	+43.46784486	9.451	9.663	ppN	0.029	8970	A2	115016
314.5810978400	+44.4717126400	VizieR	3179	564	1	314.58109784	+44.47171264	5.655	6.786	j64	1.027	4900	G8III	115017
313.5043166700	+43.4778837100	VizieR	3179	569	1	313.50431667	+43.47788371	9.531	9.540	ppN	0.040	9520	A0	115018
312.7947653900	+44.0575705900	VizieR	3179	594	1	312.79476539	+44.05757059	9.908	10.253	ppN	0.143	6890	F2	115019
313.9505346300	+44.7956472300	VizieR	3179	607	1	313.95053463	+44.79564723	10.422	10.880	ppN	0.811	8970	A2	115020
314.4939491500	+43.2609865300	VizieR	3179	647	1	314.49394915	+43.26098653	9.106	9.406	ppN	0.106	7200	F0	115021
313.6840975200	+43.1267395900	VizieR	3179	692	1	313.68409752	+43.12673959	9.377	9.563	ppN	0.151	8970	A2	115022
312.7679712900	+44.7076674100	VizieR	3179	745	1	312.76797129	+44.70766741	9.292	9.684	j64	0.738	6890	F3V	115023
314.0483122600	+43.4243119300	VizieR	3179	791	1	314.04831226	+43.42431193	6.843	6.722	ppN	0.085	11900	B8	115024
312.5586078700	+43.7392115800	VizieR	3179	851	1	312.55860787	+43.73921158	9.415	9.476	ppN	0.046	9520	A0	115025
313.5198767300	+44.5854195900	VizieR	3179	875	1	313.51987673	+44.58541959	10.653	11.614	ppN	0.236	4750	K0	115026
314.7993169500	+44.7904991600	VizieR	3179	976	1	314.79931695	+44.79049916	7.231	8.182	ppN	0.487	5150	G5	115027
314.2722058600	+44.6257346900	VizieR	3179	1013	1	314.27220586	+44.62573469	10.525	10.827	ppN	0.137	8970	A2	115028
314.0750780800	+44.7799285600	VizieR	3179	1068	1	314.07507808	+44.77992856	9.644	9.587	j64	0.096	10500	B9,5V	115029
312.7883108500	+44.8419840400	VizieR	3179	1090	1	312.78831085	+44.84198404	9.700	11.069	ppN	0.127	5150	G5	115030
313.6977882600	+44.8462421000	VizieR	3179	1156	1	313.69778826	+44.84624210	9.945	10.659	j64	0.034	18700	B3V	115031
313.1389949100	+44.1950524700	VizieR	3179	1192	1	313.13899491	+44.19505247	9.762	10.176	ppN	0.070	11900	B8	115032
312.5205465500	+44.0593063900	VizieR	3179	1248	1	312.52054655	+44.05930639	5.074	5.290	k83	1.505	8720	DELTA DEL	115033
313.2209062200	+43.7331931500	VizieR	3179	1274	1	313.22090622	+43.73319315	9.509	10.120	ppN	0.153	6200	F8	115034
312.9943317600	+43.7579784200	VizieR	3179	1317	1	312.99433176	+43.75797842	8.643	9.946	k83	0.047	8200	A M+K0	115035
314.1018718100	+43.9006500800	VizieR	3179	1340	1	314.10187181	+43.90065008	7.164	8.535	j64	0.202	4750	K0III	115036
314.8928827300	+44.2263877500	VizieR	3179	1352	1	314.89288273	+44.22638775	7.653	9.049	k83	0.183	4420	K 2 III	115037
313.3114810900	+44.3872667700	VizieR	3179	1354	1	313.31148109	+44.38726677	4.749	4.601	j64	0.092	17100	B3IV	115038
313.8193937700	+43.7904781800	VizieR	3179	1403	1	313.81939377	+43.79047818	7.786	8.273	j64	0.533	6440	F5V	115039
314.0122932800	+43.6098352400	VizieR	3179	1432	1	314.01229328	+43.60983524	9.162	9.173	ppN	0.145	9520	A0	115040
313.1387414200	+43.9527091000	VizieR	3179	1434	1	313.13874142	+43.95270910	9.028	11.004	ppN	0.103	3650	M0	115041
315.6008366300	+44.7909764700	VizieR	3180	20	1	315.60083663	+44.79097647	6.427	8.363	j64	0.059	3200	M3IB-II:	115042
316.9481141700	+44.9642581500	VizieR	3180	149	1	316.94811417	+44.96425815	7.523	7.581	ppN	0.067	9520	A0	115043
317.1652118400	+43.8290664500	VizieR	3180	156	1	317.16521184	+43.82906645	8.056	7.994	ppN	0.076	9520	A0	115044
315.1856385900	+44.7853747100	VizieR	3180	167	1	315.18563859	+44.78537471	8.583	9.406	ppN	0.176	6200	F8	115045
317.4784440100	+44.3585827700	VizieR	3180	249	1	317.47844401	+44.35858277	9.507	11.411	ppN	0.308	3950	K	115046
316.7185693000	+43.2402324100	VizieR	3180	256	1	316.71856930	+43.24023241	10.272	10.874	ppN	0.474	6440	F5	115047
316.8947639000	+43.1733995400	VizieR	3180	289	1	316.89476390	+43.17339954	9.597	9.654	ppN	0.050	9520	A0	115048
316.5317874500	+44.7926398500	VizieR	3180	341	1	316.53178745	+44.79263985	8.222	9.552	ppN	0.483	4750	K0	115049
315.8756480700	+44.9817218200	VizieR	3180	401	1	315.87564807	+44.98172182	9.808	10.225	k83	0.025	8200	A M A3-F2VAR?	115050
316.1665996000	+44.8858240300	VizieR	3180	497	1	316.16659960	+44.88582403	9.293	10.595	ppN	0.174	4420	K2	115051
316.7591529000	+44.9922105500	VizieR	3180	743	1	316.75915290	+44.99221055	10.043	10.403	ppN	0.064	7200	F0	115052
317.3204553800	+44.8860316100	VizieR	3180	787	1	317.32045538	+44.88603161	9.467	9.571	ppN	0.039	9520	A0	115053
316.2734823800	+44.9981997600	VizieR	3180	1045	1	316.27348238	+44.99819976	8.760	9.399	ppN	0.267	6030	G0	115054
315.3096655100	+43.7217857600	VizieR	3180	1158	1	315.30966551	+43.72178576	7.680	7.568	j64	0.065	10500	B9P	115055
315.6181463000	+44.1471881000	VizieR	3180	1320	1	315.61814630	+44.14718810	9.006	8.981	ppN	0.056	15400	B5	115056
316.7599915900	+44.7938074800	VizieR	3180	1467	1	316.75999159	+44.79380748	9.585	9.845	ppN	0.076	8970	A2	115057
315.2918735700	+43.5325790100	VizieR	3180	1486	1	315.29187357	+43.53257901	8.633	8.972	ppN	0.207	7200	F0	115058
315.4477661700	+44.1869083900	VizieR	3180	1490	1	315.44776617	+44.18690839	6.781	7.117	j64	0.733	8200	AM	115059
316.1694449900	+44.9843113000	VizieR	3180	1499	1	316.16944499	+44.98431130	10.146	11.422	ppN	0.148	5150	G5	115060
316.8030405700	+43.8723235700	VizieR	3180	1520	1	316.80304057	+43.87232357	9.582	10.028	ppN	0.052	6440	F5	115061
316.8122300300	+44.6740882500	VizieR	3180	1653	1	316.81223003	+44.67408825	7.422	7.325	ppN	0.041	10500	B9	115062
316.6879591900	+43.7818129800	VizieR	3180	1660	1	316.68795919	+43.78181298	8.398	8.447	ppN	0.095	9520	A0	115063
317.4697485600	+44.2004537000	VizieR	3180	1674	1	317.46974856	+44.20045370	7.558	8.831	ppN	0.472	4750	K0	115064
315.1098994400	+43.8435160300	VizieR	3180	1680	1	315.10989944	+43.84351603	10.504	11.098	ppN	0.034	7200	F0	115065
317.4420527500	+43.4650983000	VizieR	3180	1894	1	317.44205275	+43.46509830	10.039	10.335	ppN	0.137	8970	A2	115066
315.1196997800	+43.5612208400	VizieR	3180	1954	1	315.11969978	+43.56122084	8.434	8.461	ppN	0.020	8970	A2	115067
315.6583636200	+44.6074233500	VizieR	3180	1957	1	315.65836362	+44.60742335	7.443	9.102	ppN	0.103	4750	K0	115068
316.4377686500	+44.2869052000	VizieR	3180	1996	1	316.43776865	+44.28690520	10.553	10.862	ppN	0.028	7200	F0	115069
317.3184228000	+43.7100447600	VizieR	3180	2160	1	317.31842280	+43.71004476	9.708	9.730	ppN	0.035	11900	B8	115070
316.3781954200	+43.6717117800	VizieR	3180	2255	1	316.37819542	+43.67171178	8.758	10.062	ppN	0.181	3950	K5	115071
317.0715180900	+43.7477057700	VizieR	3180	2401	1	317.07151809	+43.74770577	7.926	8.490	j64	1.051	6200	F8V	115072
316.8854901200	+43.3384509900	VizieR	3180	2423	1	316.88549012	+43.33845099	9.273	9.378	ppN	0.036	9520	A0	115073
315.9961332300	+43.5924223300	VizieR	3180	2525	1	315.99613323	+43.59242233	7.922	9.060	ppN	0.691	4420	K2	115074
316.5625287600	+43.7972356400	VizieR	3180	2534	1	316.56252876	+43.79723564	8.724	9.207	ppN	0.245	6440	F5	115075
316.8236204300	+43.6125044200	VizieR	3180	2584	1	316.82362043	+43.61250442	9.565	11.650	ppN	0.054	3450	M2	115076
317.4017016000	+43.3186563500	VizieR	3180	2658	1	317.40170160	+43.31865635	9.491	9.950	ppN	0.006	8200	A5	115077
316.2327623600	+43.9278519500	VizieR	3180	2696	1	316.23276236	+43.92785195	3.880	5.829	j64	0.072	3850	K5IB	115078
317.4750768000	+44.3562187600	VizieR	3180	2697	1	317.47507680	+44.35621876	10.928	11.271	ppN	0.676	8200	A	115079
319.0291988300	+44.8102161800	VizieR	3181	23	1	319.02919883	+44.81021618	8.956	9.043	ppN	0.047	9520	A0	115080
318.2892264500	+43.8737786600	VizieR	3181	26	1	318.28922645	+43.87377866	7.723	7.873	j64	0.029	20300	B2III	115081
318.7807510400	+43.7990511800	VizieR	3181	88	1	318.78075104	+43.79905118	9.797	9.976	ppN	0.020	9520	A0	115082
318.8981096100	+44.9545309300	VizieR	3181	237	1	318.89810961	+44.95453093	7.427	7.379	ppN	0.084	9520	A0	115083
319.8314363900	+43.9638371800	VizieR	3181	426	1	319.83143639	+43.96383718	8.748	10.450	ppN	0.047	4420	K2	115084
319.8195946100	+44.9648282600	VizieR	3181	585	1	319.81959461	+44.96482826	10.202	11.613	ppN	0.265	4750	K0	115085
319.6132775200	+43.9459438300	VizieR	3181	836	1	319.61327752	+43.94594383	5.023	4.948	j64	0.088	38000	O7	115086
319.9273701900	+44.7468305400	VizieR	3181	969	1	319.92737019	+44.74683054	9.495	9.593	ppN	0.030	8970	A2	115087
319.5886156900	+43.7668293400	VizieR	3181	1054	1	319.58861569	+43.76682934	9.751	10.042	ppN	0.050	9520	A0	115088
318.9630176200	+44.5059401000	VizieR	3181	1267	1	318.96301762	+44.50594010	10.062	10.012	ppN	0.019	9520	A0	115089
319.8302286000	+44.9909864300	VizieR	3181	1599	1	319.83022860	+44.99098643	9.945	12.023	ppN	0.032	4420	K2	115090
318.6895270600	+43.4671266300	VizieR	3181	1876	1	318.68952706	+43.46712663	9.134	9.283	ppN	0.055	8970	A2	115091
318.7025511600	+43.3388930800	VizieR	3181	1960	1	318.70255116	+43.33889308	9.379	9.690	ppN	0.136	7200	F0	115092
319.2231805000	+44.9269985900	VizieR	3181	2063	1	319.22318050	+44.92699859	9.278	10.402	ppN	0.075	5150	G5	115093
319.1782181800	+43.6655208900	VizieR	3181	2208	1	319.17821818	+43.66552089	8.387	9.593	ppN	0.150	4750	K0	115094
318.4567995500	+43.7093620500	VizieR	3181	2270	1	318.45679955	+43.70936205	8.589	9.668	ppN	0.161	4750	K0	115095
318.6498659700	+43.6415673300	VizieR	3181	2290	1	318.64986597	+43.64156733	9.583	9.883	ppN	0.173	8200	A5	115096
317.8010672600	+43.7636046600	VizieR	3181	2340	1	317.80106726	+43.76360466	9.600	10.783	ppN	0.089	4750	K0	115097
318.4312564300	+44.6064914300	VizieR	3181	2381	1	318.43125643	+44.60649143	10.489	10.483	ppN	0.092	8200	A5	115098
318.9091822600	+43.5756093400	VizieR	3181	2398	1	318.90918226	+43.57560934	10.024	10.873	ppN	0.348	5150	G5	115099
319.2865432500	+43.6719973600	VizieR	3181	2410	1	319.28654325	+43.67199736	9.143	10.303	ppN	0.078	4750	K0	115100
318.9594362600	+44.4929247300	VizieR	3181	2453	1	318.95943626	+44.49292473	9.667	10.121	ppN	0.099	6440	F	115101
318.2799641300	+43.6268901500	VizieR	3181	2724	1	318.27996413	+43.62689015	8.865	9.106	ppN	0.014	9520	A0	115102
319.2670827400	+43.1936091800	VizieR	3181	2838	1	319.26708274	+43.19360918	8.684	8.808	ppN	0.186	8720	A3	115103
318.7798559200	+43.4146273100	VizieR	3181	3010	1	318.77985592	+43.41462731	9.713	10.004	ppN	0.050	8200	A5	115104
318.8213323500	+43.8033894500	VizieR	3181	3280	1	318.82133235	+43.80338945	9.422	9.576	ppN	0.052	11900	B8	115105
318.6568724600	+43.2334399500	VizieR	3181	3442	1	318.65687246	+43.23343995	9.741	9.838	ppN	0.036	9520	A0	115106
317.5166980200	+43.2024118200	VizieR	3181	3810	1	317.51669802	+43.20241182	8.918	10.276	ppN	0.033	4750	K0	115107
318.1182866700	+44.5317042500	VizieR	3181	3951	1	318.11828667	+44.53170425	7.777	7.991	j64	0.050	32600	O9,5IB	115108
318.2503012900	+44.2266181300	VizieR	3181	4437	1	318.25030129	+44.22661813	9.996	10.252	ppN	0.084	8200	A5	115109
319.7403262200	+44.2241839700	VizieR	3181	4702	1	319.74032622	+44.22418397	9.442	9.509	ppN	0.043	9520	A0	115110
317.9401008400	+44.0970167000	VizieR	3181	4753	1	317.94010084	+44.09701670	10.396	10.664	ppN	0.053	8200	A5	115111
319.6704473000	+44.2389663700	VizieR	3181	4762	1	319.67044730	+44.23896637	9.187	9.196	ppN	0.024	15400	B5	115112
317.9701074000	+44.1400580500	VizieR	3181	4830	1	317.97010740	+44.14005805	10.336	10.577	ppN	0.067	8200	A5	115113
318.1636262600	+44.0687863600	VizieR	3181	5008	1	318.16362626	+44.06878636	8.004	9.297	ppN	0.213	4420	K2	115114
318.5265175500	+44.6349654100	VizieR	3181	5029	1	318.52651755	+44.63496541	9.113	9.341	ppN	0.197	7200	F0	115115
317.7164454700	+44.2001813800	VizieR	3181	5098	1	317.71644547	+44.20018138	10.626	10.892	ppN	0.151	9520	A0	115116
319.0713667900	+44.2382220700	VizieR	3181	5135	1	319.07136679	+44.23822207	6.478	7.604	j64	0.152	4750	K0III+F	115117
317.6991326300	+44.2886670300	VizieR	3181	5165	1	317.69913263	+44.28866703	8.106	9.363	ppN	0.113	4420	K2	115118
318.4861397000	+44.0047379500	VizieR	3181	5289	1	318.48613970	+44.00473795	8.576	9.257	ppN	0.068	6440	F5	115119
319.6424448500	+44.0811976500	VizieR	3181	5312	1	319.64244485	+44.08119765	8.817	9.003	ppN	0.037	8970	A2	115120
318.9824478000	+44.0445317000	VizieR	3181	5319	1	318.98244780	+44.04453170	9.212	9.599	ppN	0.043	8200	A5	115121
317.5198336900	+43.9898183600	VizieR	3181	5363	1	317.51983369	+43.98981836	8.274	8.281	ppN	0.395	9520	A0	115122
320.0463618900	+43.5986181500	VizieR	3194	14	1	320.04636189	+43.59861815	9.486	9.749	ppN	0.076	8970	A2	115588
320.2817735200	+44.7192369900	VizieR	3194	27	1	320.28177352	+44.71923699	9.952	10.271	ppN	0.200	8200	A5	115589
320.2995277400	+44.8127537300	VizieR	3194	167	1	320.29952774	+44.81275373	9.660	9.923	ppN	0.059	8200	A5	115591
320.0103326300	+43.5787128100	VizieR	3194	190	1	320.01033263	+43.57871281	9.282	10.393	ppN	0.142	4750	K0	115592
320.3081685500	+44.8030266600	VizieR	3194	477	1	320.30816855	+44.80302666	8.941	9.965	ppN	0.112	5150	G	115594
320.0678028400	+44.3501356100	VizieR	3194	1354	1	320.06780284	+44.35013561	9.224	11.441	ppN	0.025	3650	M0	115599
313.9947535300	+45.6132327600	VizieR	3575	18	1	313.99475353	+45.61323276	9.903	10.340	ppN	0.007	9520	A0	128532
313.5048741800	+45.5551215500	VizieR	3575	327	1	313.50487418	+45.55512155	9.501	9.952	j64	0.069	6440	F5V	128536
313.6065575200	+46.1051437100	VizieR	3575	444	1	313.60655752	+46.10514371	9.242	10.794	ppN	0.202	4420	K2	128538
313.3839741200	+45.3839595800	VizieR	3575	494	1	313.38397412	+45.38395958	8.433	9.545	j64	0.100	4900	G8III	128539
313.2468210100	+45.4668673600	VizieR	3575	530	1	313.24682101	+45.46686736	8.283	8.454	j64	0.027	8600	A3III	128540
314.4976823100	+46.4668261100	VizieR	3575	553	1	314.49768231	+46.46682611	8.477	11.661	j64	0.003	3450	M2IA	128541
314.1590706800	+46.1177366300	VizieR	3575	556	1	314.15907068	+46.11773663	9.606	9.826	j64	0.098	8970	A2V	128542
314.3439055400	+46.5081989300	VizieR	3575	817	1	314.34390554	+46.50819893	8.693	8.922	j64	0.052	8720	A4V	128544
313.3840402600	+46.0292617200	VizieR	3575	856	1	313.38404026	+46.02926172	9.026	8.958	j64	0.001	11900	B8V	128545
314.3602959300	+46.1012749500	VizieR	3575	1240	1	314.36029593	+46.10127495	9.482	9.963	j64	0.068	7150	F0II	128547
312.9646363100	+45.2901727000	VizieR	3575	1310	1	312.96463631	+45.29017270	10.389	10.431	ppN	0.152	9520	A0	128548
314.2611610600	+46.5457444100	VizieR	3575	1593	1	314.26116106	+46.54574441	8.774	9.219	j64	0.064	24000	B1II	128549
314.2646718900	+45.3371365600	VizieR	3575	1638	1	314.26467189	+45.33713656	9.340	9.740	ppN	0.095	6890	F2	128550
313.6663813900	+46.2311943700	VizieR	3575	1676	1	313.66638139	+46.23119437	6.667	6.777	j64	0.110	8200	AM	128551
312.8398920600	+45.3175873000	VizieR	3575	1826	1	312.83989206	+45.31758730	9.351	9.716	ppN	0.062	8200	A5	128552
312.8364651400	+45.3167388400	VizieR	3575	1826	2	312.83646514	+45.31673884	10.287	10.737	ppN	0.113	6440	F	128553
313.6049830900	+45.3368641400	VizieR	3575	1870	1	313.60498309	+45.33686414	9.521	9.622	j64	0.017	9520	A0V	128554
312.5026987100	+45.3461777500	VizieR	3575	1962	1	312.50269871	+45.34617775	8.900	9.974	j64	0.108	5150	G5III	128555
314.4657353500	+45.5366404400	VizieR	3575	2118	1	314.46573535	+45.53664044	10.173	11.453	ppN	0.120	4750	K0	128557
312.8624061500	+45.3403500600	VizieR	3575	2454	1	312.86240615	+45.34035006	9.408	9.376	j64	0.011	9520	A0V	128558
314.1902220700	+46.3227478800	VizieR	3575	2464	1	314.19022207	+46.32274788	8.629	8.848	j64	0.110	8200	AM	128559
313.4274563100	+46.2694370900	VizieR	3575	2644	1	313.42745631	+46.26943709	9.996	10.400	j64	0.056	9520	A0V	128560
313.5574321400	+45.5331814400	VizieR	3575	2654	1	313.55743214	+45.53318144	10.094	10.458	j64	0.064	6890	F2V	128561
314.5036243800	+45.5439621300	VizieR	3575	2726	1	314.50362438	+45.54396213	10.218	10.664	ppN	0.181	6890	F2	128564
313.1871016900	+46.1131978700	VizieR	3575	2944	1	313.18710169	+46.11319787	8.799	9.712	j64	0.197	5570	G8V	128565
314.2273426500	+45.3241647200	VizieR	3575	2946	1	314.22734265	+45.32416472	8.311	9.515	ppN	0.345	4750	K0	128566
314.4266809800	+45.4731382700	VizieR	3575	2986	1	314.42668098	+45.47313827	9.029	9.420	j64	0.133	8510	A5IB	128568
313.2080902100	+45.8487607200	VizieR	3575	3251	1	313.20809021	+45.84876072	9.626	9.935	ppN	0.065	7200	F0	128569
313.4233592700	+46.0448548500	VizieR	3575	3304	1	313.42335927	+46.04485485	10.223	12.471	ppN	0.175	3950	K	128570
313.7880132600	+46.3501534900	VizieR	3575	3649	1	313.78801326	+46.35015349	7.097	8.274	j64	0.394	5150	G5II	128572
314.1634577400	+46.3557548800	VizieR	3575	3703	1	314.16345774	+46.35575488	10.098	10.363	j64	0.018	24000	B1IV	128573
314.6041210700	+46.6040992700	VizieR	3575	3836	1	314.60412107	+46.60409927	7.507	7.991	j64	0.520	6440	F6V	128574
313.8477687900	+45.9940006000	VizieR	3575	4026	1	313.84776879	+45.99400060	10.055	12.074	ppN	0.089	3950	K	128576
313.2391549900	+45.6880442400	VizieR	3575	4179	1	313.23915499	+45.68804424	9.055	9.151	ppN	0.029	9520	A0	128578
314.7277234200	+46.2525265400	VizieR	3575	4300	1	314.72772342	+46.25252654	7.063	7.270	j64	0.312	8200	A5V	128580
313.8563291600	+45.9967162700	VizieR	3575	4326	1	313.85632916	+45.99671627	11.360	11.822	ppN	0.490	5150	G	128581
314.4319707300	+46.0104360100	VizieR	3575	4476	1	314.43197073	+46.01043601	8.385	8.832	j64	0.203	7350	F2IB	128582
314.9299442500	+45.9607468200	VizieR	3575	4617	1	314.92994425	+45.96074682	8.746	9.799	ppN	0.175	4750	K0	128584
313.9490688100	+46.2530599700	VizieR	3575	4714	1	313.94906881	+46.25305997	9.917	10.026	ppN	0.511	9520	A0	128585
313.4603453400	+46.0046312000	VizieR	3575	4725	1	313.46034534	+46.00463120	8.358	8.960	j64	0.668	6030	G0V	128586
314.9297506000	+46.2673153300	VizieR	3575	4846	1	314.92975060	+46.26731533	9.856	11.656	ppN	0.081	4750	K0	128588
314.3175655400	+45.9435970900	VizieR	3575	5004	1	314.31756554	+45.94359709	9.608	10.106	j64	0.113	6440	F6V	128590
314.0447928700	+46.2489990700	VizieR	3575	5254	1	314.04479287	+46.24899907	9.686	10.105	ppN	0.145	9520	A0	128592
314.7704518600	+46.4396238000	VizieR	3575	5403	1	314.77045186	+46.43962380	7.807	9.056	j64	0.023	4750	K0III	128594
314.6379115600	+46.8253465900	VizieR	3575	5486	1	314.63791156	+46.82534659	8.689	8.915	j64	0.047	8720	A3V	128596
314.1007309700	+46.7612955900	VizieR	3575	5583	1	314.10073097	+46.76129559	9.371	11.032	ppN	0.097	4750	K0	128598
314.9360317900	+46.8185394000	VizieR	3575	5639	1	314.93603179	+46.81853940	8.490	8.657	j64	0.224	8100	A5III	128599
312.9620489400	+45.2738046600	VizieR	3575	5900	1	312.96204894	+45.27380466	9.228	9.403	k83	0.065	8200	A M:	128600
313.6887519900	+45.1362727800	VizieR	3575	5926	1	313.68875199	+45.13627278	7.826	7.724	j64	0.059	9730	A0IB:	128601
313.8317214300	+45.2762782800	VizieR	3575	6233	1	313.83172143	+45.27627828	8.671	8.712	j64	0.081	9230	A1V	128603
313.3812812700	+45.1547611500	VizieR	3575	6253	1	313.38128127	+45.15476115	8.045	8.075	j64	0.214	9230	A1V	128604
314.6063143500	+45.1497437300	VizieR	3575	6263	1	314.60631435	+45.14974373	9.286	9.560	j64	0.039	24000	B1IV	128605
313.3273636600	+45.1816740700	VizieR	3575	6350	1	313.32736366	+45.18167407	5.583	6.854	j64	0.078	4900	G8III	128606
314.2782827400	+45.0572268400	VizieR	3575	6452	1	314.27828274	+45.05722684	9.346	10.023	j64	0.718	6200	F8V	128607
312.9999297900	+45.1068540800	VizieR	3575	6457	1	312.99992979	+45.10685408	9.470	9.866	ppN	0.177	7200	F0	128608
314.9923424100	+45.2358366300	VizieR	3575	6473	1	314.99234241	+45.23583663	9.362	9.755	ppN	0.318	6890	F2	128609
313.7799122900	+45.0987424000	VizieR	3575	6483	1	313.77991229	+45.09874240	10.398	11.653	ppN	0.855	6200	F8	128610
313.5247433900	+45.1101458000	VizieR	3575	6505	1	313.52474339	+45.11014580	7.344	7.314	j64	0.012	12400	B8II	128611
312.8344487400	+45.0458586400	VizieR	3575	6534	1	312.83444874	+45.04585864	8.970	10.613	j64	0.028	4420	K2II	128612
314.5124010500	+45.0325894100	VizieR	3575	6569	1	314.51240105	+45.03258941	8.683	9.106	ppN	0.406	6200	F8	128613
317.3942043000	+45.7384884100	VizieR	3588	78	1	317.39420430	+45.73848841	7.641	7.632	k83	0.016	22000	B 2 V	129171
315.8712770500	+45.7917088500	VizieR	3588	106	1	315.87127705	+45.79170885	9.208	9.177	j64	0.066	11900	B8V	129172
316.7759107300	+46.2867167100	VizieR	3588	499	1	316.77591073	+46.28671671	9.693	10.335	j64	0.247	13000	B7V	129173
315.5174071600	+45.3499245100	VizieR	3588	581	1	315.51740716	+45.34992451	10.803	11.481	ppN	0.249	6200	F8	129174
315.6903644800	+46.3216861800	VizieR	3588	991	1	315.69036448	+46.32168618	9.132	9.265	j64	0.026	9230	A1IB	129175
317.7736379900	+45.7333673900	VizieR	3588	1030	1	317.77363799	+45.73336739	10.913	12.645	ppN	0.077	3650	M0	129176
315.3269518200	+45.8043608500	VizieR	3588	1426	1	315.32695182	+45.80436085	9.756	11.043	ppN	0.168	4750	K0	129177
317.3092637400	+46.3230356900	VizieR	3588	2371	1	317.30926374	+46.32303569	9.250	9.278	ppN	0.055	9520	A0	129178
316.3229939200	+45.7719241100	VizieR	3588	2550	1	316.32299392	+45.77192411	9.555	9.978	j64	0.260	8600	A4III	129179
316.8534127000	+45.7292485700	VizieR	3588	3230	1	316.85341270	+45.72924857	9.804	10.079	j64	0.130	8100	A6III	129180
317.4434167100	+46.3937558400	VizieR	3588	3255	1	317.44341671	+46.39375584	8.423	8.562	j64	0.234	17100	B3IV	129181
316.6351124900	+45.8586229200	VizieR	3588	3266	1	316.63511249	+45.85862292	9.639	10.205	j64	0.067	13600	B5IAB	129182
317.3801659900	+46.8126929000	VizieR	3588	3800	1	317.38016599	+46.81269290	9.180	9.332	k83	0.145	8200	A M	129183
315.9741524100	+46.3305308500	VizieR	3588	4247	1	315.97415241	+46.33053085	7.802	7.798	j64	0.016	24000	B1IV:P	129184
316.1168720600	+46.0485882300	VizieR	3588	4338	1	316.11687206	+46.04858823	8.009	9.251	j64	0.050	4900	G8III	129185
316.3283341500	+46.3241537700	VizieR	3588	4343	1	316.32833415	+46.32415377	9.413	10.788	ppN	0.660	4750	K0	129186
315.9101990900	+45.3679403900	VizieR	3588	4573	1	315.91019909	+45.36794039	7.859	7.786	ppN	0.089	9520	A0	129187
316.4510726600	+46.0979603600	VizieR	3588	4954	1	316.45107266	+46.09796036	9.343	10.952	ppN	0.006	4750	K0	129188
315.2196689300	+46.3831006000	VizieR	3588	5639	1	315.21966893	+46.38310060	8.572	8.753	k83	0.069	8970	A 2 V	129189
317.5786327200	+45.5602000000	VizieR	3588	5757	1	317.57863272	+45.56020000	8.814	8.719	ppN	0.017	10500	B9	129190
317.8013497400	+45.5254001500	VizieR	3588	5808	1	317.80134974	+45.52540015	11.158	11.669	k83	0.017	18500	B 2 IB	129191
316.8503149900	+46.0906642200	VizieR	3588	6106	1	316.85031499	+46.09066422	9.540	9.757	ppN	0.053	9520	A0	129192
316.2674567100	+46.0404242300	VizieR	3588	6238	1	316.26745671	+46.04042423	9.566	9.702	j64	0.053	9080	A2IB	129193
316.7186982300	+45.6755444900	VizieR	3588	6291	1	316.71869823	+45.67554449	7.313	7.936	j64	0.094	6890	F4V	129194
316.3068525200	+46.4182236400	VizieR	3588	6356	1	316.30685252	+46.41822364	10.590	11.025	ppN	0.024	9520	A0	129195
317.2674758700	+45.9867275800	VizieR	3588	6451	1	317.26747587	+45.98672758	8.925	9.415	ppN	0.227	6440	F5	129196
316.4540938900	+45.6845290900	VizieR	3588	6456	1	316.45409389	+45.68452909	9.445	9.959	ppN	0.345	6890	F2	129197
315.0020543500	+45.9585075500	VizieR	3588	6484	1	315.00205435	+45.95850755	8.805	10.520	ppN	0.048	4420	K2	129198
317.6951973000	+46.0391075500	VizieR	3588	6508	1	317.69519730	+46.03910755	9.742	10.234	ppN	0.067	7200	F0	129199
317.0526403600	+45.7000783900	VizieR	3588	6783	1	317.05264036	+45.70007839	9.895	10.287	ppN	0.145	6890	F2	129200
316.0201671400	+45.3901050000	VizieR	3588	6822	1	316.02016714	+45.39010500	9.319	10.559	ppN	0.290	4750	K0	129201
316.4871252900	+45.7176034500	VizieR	3588	7044	1	316.48712529	+45.71760345	8.507	8.532	j64	0.105	10500	B9,5V	129202
316.7782382600	+45.3640846500	VizieR	3588	7089	1	316.77823826	+45.36408465	9.592	9.850	ppN	0.041	9520	A0	129203
315.7183926800	+46.0213580600	VizieR	3588	7186	1	315.71839268	+46.02135806	9.610	9.676	ppN	0.077	9520	A0	129204
317.0216714300	+46.4401838600	VizieR	3588	7315	1	317.02167143	+46.44018386	8.407	9.400	j64	0.133	4750	K0II	129205
317.7089537800	+46.0998808900	VizieR	3588	7384	1	317.70895378	+46.09988089	8.533	8.925	j64	0.097	8200	AM	129206
317.4294944800	+46.1586677600	VizieR	3588	7484	1	317.42949448	+46.15866776	7.653	8.188	ppN	0.223	6030	G0	129207
316.0758967700	+46.5313337600	VizieR	3588	7713	1	316.07589677	+46.53133376	8.642	8.730	ppN	0.032	11900	B8	129208
317.5600213100	+46.0448604500	VizieR	3588	7882	1	317.56002131	+46.04486045	10.413	11.022	ppN	0.145	6200	F8	129209
316.8309273200	+45.9292793400	VizieR	3588	7906	1	316.83092732	+45.92927934	8.637	8.581	ppN	0.028	9520	A0	129210
315.2233364400	+46.1798427300	VizieR	3588	8028	1	315.22333644	+46.17984273	9.988	10.306	ppN	0.061	8970	A2	129211
317.1889761100	+46.1685666200	VizieR	3588	8190	1	317.18897611	+46.16856662	9.114	10.313	ppN	0.082	9520	A0	129212
315.7649338200	+46.0063097400	VizieR	3588	8194	1	315.76493382	+46.00630974	10.100	10.728	ppN	0.132	6030	G0	129213
316.2722606600	+46.5473614100	VizieR	3588	8297	1	316.27226066	+46.54736141	8.258	10.472	j64	0.039	4250	K2IB	129214
315.2076872300	+46.5785573900	VizieR	3588	8345	1	315.20768723	+46.57855739	7.371	7.254	j64	0.017	15400	B5V	129215
316.8155423500	+46.1771629300	VizieR	3588	8830	1	316.81554235	+46.17716293	8.856	10.089	ppN	0.113	4750	K0	129216
315.4550124900	+46.5681287700	VizieR	3588	8959	1	315.45501249	+46.56812877	8.736	9.824	j64	0.054	4900	G8III	129217
316.7148261600	+46.2308762600	VizieR	3588	8974	1	316.71482616	+46.23087626	9.467	9.513	ppN	0.020	9520	A0	129218
316.0883788100	+46.5181778000	VizieR	3588	9299	1	316.08837881	+46.51817780	9.330	9.335	ppN	0.047	11900	B8	129219
315.0329523900	+46.6537420900	VizieR	3588	9693	1	315.03295239	+46.65374209	10.201	10.371	ppN	0.070	8970	A2	129220
315.7540289100	+46.0334714800	VizieR	3588	9736	1	315.75402891	+46.03347148	9.387	10.823	ppN	0.132	4750	K0	129221
317.0525423200	+46.0824204200	VizieR	3588	9748	1	317.05254232	+46.08242042	10.467	10.528	ppN	0.036	9520	A0	129222
315.1425296700	+46.2471930000	VizieR	3588	9846	1	315.14252967	+46.24719300	10.085	10.267	j64	0.037	18700	B3V	129223
319.7526847500	+45.8962228500	VizieR	3589	171	1	319.75268475	+45.89622285	9.902	10.100	ppN	0.097	8970	A2	129226
318.0529587600	+45.3031025300	VizieR	3589	202	1	318.05295876	+45.30310253	8.703	9.956	ppN	0.211	4750	K0	129227
318.2834600500	+46.7820012100	VizieR	3589	393	1	318.28346005	+46.78200121	8.010	8.488	ppN	0.081	6890	F2	129228
319.1322378800	+45.9077374900	VizieR	3589	443	1	319.13223788	+45.90773749	10.212	10.338	ppN	0.012	11900	B8	129229
318.9544470600	+45.8968699300	VizieR	3589	1059	1	318.95444706	+45.89686993	10.797	11.757	ppN	0.092	3950	K	129232
318.8215444300	+45.9392579700	VizieR	3589	1131	1	318.82154443	+45.93925797	9.109	9.240	ppN	0.132	8970	A2	129233
318.9665533700	+46.4064249200	VizieR	3589	1148	1	318.96655337	+46.40642492	9.499	9.745	ppN	0.023	8970	A2	129234
318.3255858000	+46.7762617400	VizieR	3589	1325	1	318.32558580	+46.77626174	8.679	9.933	ppN	0.424	6440	F5	129235
318.6534212800	+46.7794765900	VizieR	3589	1589	1	318.65342128	+46.77947659	9.229	9.967	ppN	0.228	6030	G0	129237
319.2378504400	+45.9086070600	VizieR	3589	1711	1	319.23785044	+45.90860706	9.579	11.165	ppN	0.072	4750	K0	129238
317.9961320700	+46.7893770600	VizieR	3589	1737	1	317.99613207	+46.78937706	9.082	9.263	ppN	0.084	8970	A2	129239
318.9275346200	+46.4323658000	VizieR	3589	2292	1	318.92753462	+46.43236580	9.688	10.143	ppN	0.094	6440	F5	129242
319.3358306100	+46.0736883800	VizieR	3589	2372	1	319.33583061	+46.07368838	8.293	8.301	ppN	0.076	10500	B9	129243
317.8433180800	+45.4964908500	VizieR	3589	2446	1	317.84331808	+45.49649085	9.457	9.582	j64	0.044	15000	B5III	129244
318.0813298400	+46.4660161000	VizieR	3589	2742	1	318.08132984	+46.46601610	10.133	10.948	ppN	0.890	5150	G5	129245
317.9087711800	+46.5372134600	VizieR	3589	2907	1	317.90877118	+46.53721346	9.450	10.044	ppN	0.076	6030	G0	129246
318.4332671500	+45.5370445900	VizieR	3589	3520	1	318.43326715	+45.53704459	7.683	9.385	ppN	0.284	3950	K5	129249
318.8556485600	+46.4202329300	VizieR	3589	3786	1	318.85564856	+46.42023293	8.096	9.735	ppN	0.123	2800	M5	129250
318.1190820600	+46.5426341700	VizieR	3589	3813	1	318.11908206	+46.54263417	8.980	9.058	ppN	0.084	9520	A0	129251
319.6402183600	+45.4495448100	VizieR	3589	3844	1	319.64021836	+45.44954481	8.855	9.084	ppN	0.011	9520	A0	129252
318.1747858400	+46.2271002300	VizieR	3589	3857	1	318.17478584	+46.22710023	9.317	9.539	ppN	0.037	11900	B8	129253
318.1140904200	+46.5256730300	VizieR	3589	4035	1	318.11409042	+46.52567303	9.721	10.907	ppN	0.107	9520	A0	129254
318.9913013600	+45.7316348300	VizieR	3589	4057	1	318.99130136	+45.73163483	7.821	7.794	ppN	0.028	10500	B9	129255
318.4897830600	+46.2654510100	VizieR	3589	4082	1	318.48978306	+46.26545101	8.493	10.725	ppN	0.038	3950	K5	129256
318.2350936600	+46.2680759900	VizieR	3589	4322	1	318.23509366	+46.26807599	9.391	9.754	ppN	0.111	8200	A5	129258
320.1370835100	+45.4675087100	VizieR	3589	4843	1	320.13708351	+45.46750871	9.205	10.339	ppN	0.054	6440	F5	129259
318.2246158100	+45.7705901900	VizieR	3589	4918	1	318.22461581	+45.77059019	9.412	9.536	ppN	0.036	9520	A0	129260
319.0432550300	+46.2772538300	VizieR	3589	5004	1	319.04325503	+46.27725383	10.247	10.664	ppN	0.222	6440	F5	129261
318.0289158700	+45.7034975000	VizieR	3589	5067	1	318.02891587	+45.70349750	7.795	7.706	ppN	0.044	11900	B8	129262
318.0114450400	+45.4928620800	VizieR	3589	5157	1	318.01144504	+45.49286208	9.108	9.032	ppN	0.052	11900	B8	129263
318.7984200900	+46.3197336400	VizieR	3589	5310	1	318.79842009	+46.31973364	9.932	10.131	ppN	0.071	11900	B8	129264
318.7815800000	+45.6074685300	VizieR	3589	5385	1	318.78158000	+45.60746853	9.569	9.693	ppN	0.090	8970	A2	129265
320.0599848200	+45.6732633000	VizieR	3589	5473	1	320.05998482	+45.67326330	9.917	10.326	ppN	0.087	6890	F2	129266
318.1555256900	+45.7951389000	VizieR	3589	5478	1	318.15552569	+45.79513890	8.620	8.579	ppN	0.035	11900	B8	129267
319.3385720700	+45.7080423000	VizieR	3589	5632	1	319.33857207	+45.70804230	9.744	11.693	ppN	0.603	2600	M8	129268
318.1222829500	+45.8600243200	VizieR	3589	5789	1	318.12228295	+45.86002432	7.928	9.102	ppN	0.093	5150	G5	129269
319.9413532700	+45.7978832500	VizieR	3589	6073	1	319.94135327	+45.79788325	9.446	9.732	ppN	0.096	8970	A2	129270
320.0335133500	+45.0569201900	VizieR	3589	6337	1	320.03351335	+45.05692019	9.102	9.102	ppN	0.022	8970	A2	129272
317.8148166900	+45.6742257800	VizieR	3589	6516	1	317.81481669	+45.67422578	6.714	7.093	ppN	0.041	9520	A0	129274
318.4004255300	+45.1687587900	VizieR	3589	6583	1	318.40042553	+45.16875879	7.423	8.420	j64	0.055	5150	G5II-III	129275
318.4244067900	+45.6114556600	VizieR	3589	6890	1	318.42440679	+45.61145566	7.469	7.365	j64	0.023	25400	B1V	129276
319.2634067900	+45.1024705400	VizieR	3589	7117	1	319.26340679	+45.10247054	9.585	9.668	ppN	0.002	9520	A0	129277
318.4521727800	+45.2470768100	VizieR	3589	7392	1	318.45217278	+45.24707681	9.390	9.399	ppN	0.069	9520	A0	129278
318.8744561900	+46.6232755000	VizieR	3589	7762	1	318.87445619	+46.62327550	9.738	9.840	ppN	0.022	11900	B8	129285
315.3667832000	+47.2055237000	VizieR	3592	793	1	315.36678320	+47.20552370	8.936	8.999	j64	0.085	9520	A0P	129398
317.5033942800	+46.9629499700	VizieR	3592	1100	1	317.50339428	+46.96294997	9.309	9.455	ppN	0.034	11900	B8	129401
315.7699322600	+47.1735028200	VizieR	3592	1265	1	315.76993226	+47.17350282	9.460	9.586	j64	0.039	9520	A0V	129403
316.8202046600	+47.2403959200	VizieR	3592	1341	1	316.82020466	+47.24039592	9.700	10.456	ppN	0.043	7200	F0	129404
316.5151871000	+47.1734902700	VizieR	3592	2117	1	316.51518710	+47.17349027	9.318	11.640	ppN	0.039	3950	K	129410
316.8488761200	+46.9124104500	VizieR	3592	2203	1	316.84887612	+46.91241045	10.496	10.678	ppN	0.033	11900	B8	129411
316.4472805200	+46.9962921900	VizieR	3592	2488	1	316.44728052	+46.99629219	9.402	9.920	ppN	0.124	6440	F5	129414
316.5221753200	+47.2094166100	VizieR	3592	2714	1	316.52217532	+47.20941661	10.392	10.440	ppN	0.354	15400	B5	129415
316.8487817400	+47.2775135000	VizieR	3592	3203	1	316.84878174	+47.27751350	7.252	7.234	j64	0.110	11900	B8V	129420
317.1234434200	+47.2570433300	VizieR	3592	4016	1	317.12344342	+47.25704333	7.877	7.815	j64	0.036	30000	B0V	129423
316.1572702400	+47.0863673000	VizieR	3592	4138	1	316.15727024	+47.08636730	10.081	10.343	k83	0.091	9520	A 0 V	129424
315.6062799600	+47.0847178000	VizieR	3592	4390	1	315.60627996	+47.08471780	9.542	10.814	ppN	0.454	4750	K0	129425
315.1977105700	+47.0919581900	VizieR	3592	4789	1	315.19771057	+47.09195819	9.442	9.401	j64	0.065	9520	A0V	129428
315.8856178600	+46.9800006100	VizieR	3592	4906	1	315.88561786	+46.98000061	9.320	9.400	j64	0.020	11000	B9,5IV	129429
316.4086959900	+47.1170031700	VizieR	3592	5563	1	316.40869599	+47.11700317	9.636	9.730	ppN	0.628	11900	B8	129435
315.4892473900	+47.0194145000	VizieR	3592	6130	1	315.48924739	+47.01941450	7.787	7.868	j64	0.242	9480	A1IV	129439
315.9625018300	+47.1062335100	VizieR	3592	6487	1	315.96250183	+47.10623351	9.555	9.690	ppN	0.478	8970	A2	129443
316.3991213200	+46.9632677200	VizieR	3592	6577	1	316.39912132	+46.96326772	7.739	9.798	j64	0.051	4250	K2(IB)	129445
316.2400693700	+47.1469884000	VizieR	3592	6712	1	316.24006937	+47.14698840	7.896	9.952	j64	0.612	4250	K2IB	129446
318.2597673000	+46.9462327500	VizieR	3593	347	1	318.25976730	+46.94623275	7.957	7.970	ppN	0.015	9520	A0	129456
318.3346979700	+46.9153973300	VizieR	3593	2963	1	318.33469797	+46.91539733	8.350	8.631	ppN	0.129	7200	F0	129476
