_RAJ2000	_DEJ2000	_V	TYC1	TYC2	TYC3	RAJ2000	DEJ2000	VTmag	BTmag	r_SpType	Dist	Teff	SpType	recno
--------------	--------------	----------	----	-----	-	------------	------------	------	------	----------	------	-----	----------	--------
206.0690870700	-09.7332261100	VizieR	5546	775	1	206.06908707	-09.73322611	9.468	9.984	mc5	0.271	6440	F5 V	196991
206.4062259600	-09.5949596300	VizieR	5546	843	1	206.40622596	-09.59495963	8.622	8.999	mc5	0.408	7200	F0 V	196993
206.8058523000	-09.7094489300	VizieR	5546	951	1	206.80585230	-09.70944893	6.214	7.914	mc5	0.365	4200	K3 III	196996
206.1554716100	-09.3352993500	VizieR	5546	1163	1	206.15547161	-09.33529935	9.361	9.930	mc5	0.802	6440	F6/8 V	197005
205.9575339200	-09.8630157200	VizieR	5546	1498	1	205.95753392	-09.86301572	9.940	10.475	mc5	0.529	5860	G3 V	197012
205.7431119300	-12.4904481200	VizieR	5549	97	1	205.74311193	-12.49044812	9.257	10.160	mc5	0.592	5770	G5 V	197089
206.4048125200	-12.3841249400	VizieR	5549	111	1	206.40481252	-12.38412494	8.114	9.561	mc5	0.318	4750	K0 IIICNII	197091
205.7903589100	-10.5934183400	VizieR	5549	305	1	205.79035891	-10.59341834	9.883	11.545	ppS	0.088	3950	K5	197096
206.7297451700	-11.4118591500	VizieR	5549	368	1	206.72974517	-11.41185915	9.849	10.520	mc5	0.409	5770	G5 V	197099
206.1899831200	-10.8020296700	VizieR	5549	371	1	206.18998312	-10.80202967	10.103	10.510	mc5	0.097	8150	A7 Ib/II	197100
206.7662771600	-11.1364864400	VizieR	5549	652	1	206.76627716	-11.13648644	10.256	10.844	mc5	0.699	5770	G5 V	197104
206.0820178300	-11.1724155300	VizieR	5549	720	1	206.08201783	-11.17241553	9.303	10.463	mc5	0.273	4900	G8 IV	197106
205.7403912900	-11.3022174100	VizieR	5549	768	1	205.74039129	-11.30221741	8.145	8.340	mc5	0.438	9480	A1 IV	197107
205.6486462800	-12.0869341200	VizieR	5549	770	1	205.64864628	-12.08693412	7.496	7.971	mc5	0.761	6870	F3/5 IV/V	197108
206.3325886100	-10.5243978000	VizieR	5549	806	1	206.33258861	-10.52439780	8.714	9.353	mc5	1.292	5570	G8 V	197110
206.4680831500	-11.2210615800	VizieR	5549	935	1	206.46808315	-11.22106158	7.734	8.271	mc5	0.977	6440	F5 V	197112
206.1125124500	-10.1539861700	VizieR	5549	1047	1	206.11251245	-10.15398617	9.143	9.668	mc5	0.060	6440	F7 V	197113
205.6512914700	-10.4181285300	VizieR	5549	1056	1	205.65129147	-10.41812853	9.929	10.546	mc5	0.094	6890	F3 V	197114
206.5202457900	-10.3560853700	VizieR	5549	1126	1	206.52024579	-10.35608537	9.787	10.693	mc5	0.690	5570	G8 V	197116
206.3987469900	-11.4832579400	VizieR	5549	1127	1	206.39874699	-11.48325794	9.963	11.329	mc5	0.096	4900	G8/K0 (III)	197117
206.0648254400	-11.4367995100	VizieR	5549	1155	1	206.06482544	-11.43679951	7.890	9.432	mc5	0.199	4200	K3 IIICNIb	197119
206.4095861200	-11.8465364500	VizieR	5549	1197	1	206.40958612	-11.84653645	10.463	11.031	mc5	0.304	6890	F2 V	197121
205.9403608400	-11.9091511100	VizieR	5549	1228	1	205.94036084	-11.90915111	8.753	9.705	mc5	0.171	4750	K0 III + (F)	197122
206.2907889600	-11.8394066300	VizieR	5549	1243	1	206.29078896	-11.83940663	9.785	10.191	mc5	0.929	6870	F3 IV/V	197123
206.4846395000	-12.4265205900	VizieR	5549	1342	1	206.48463950	-12.42652059	5.661	6.737	mc5	0.171	4900	G8 III	197126
206.3441549300	-10.5306435100	VizieR	5549	1344	1	206.34415493	-10.53064351	8.805	9.679	mc5	0.066	6030	G0 V	197127
206.0741718800	-12.9467830500	VizieR	5552	892	1	206.07417188	-12.94678305	9.256	9.701	mc4	0.187	6890	F3 V	197227
206.0522948500	-12.8273837000	VizieR	5552	917	1	206.05229485	-12.82738370	8.573	10.317	mc4	0.090	4420	K2/3 III	197229
206.4599396000	-12.9646262900	VizieR	5552	1027	1	206.45993960	-12.96462629	8.285	9.716	mc4	0.258	4420	K2 III	197230
206.2715953200	-12.6689918400	VizieR	5552	1085	1	206.27159532	-12.66899184	9.983	10.727	mc4	0.141	6030	G0 V	197232
206.4163890000	-12.9972843600	VizieR	5552	1110	1	206.41638900	-12.99728436	10.289	10.549	mc4	0.038	9000	A2 II/III	197233
206.7689853700	-13.1122904800	VizieR	5552	1119	1	206.76898537	-13.11229048	9.156	11.020	mc4	0.189	3620	M2/3 III	197234
207.4972041400	-09.1103972300	VizieR	5553	630	1	207.49720414	-09.11039723	10.010	10.529	mc5	0.250	6030	G0 V	197256
207.0288473400	-09.9426312200	VizieR	5553	639	1	207.02884734	-09.94263122	9.769	10.495	mc5	0.291	5860	G2 V	197257
208.4800025600	-09.4984234500	VizieR	5553	906	1	208.48000256	-09.49842345	9.694	10.837	mc5	0.125	5570	G8 V	197258
208.4750602500	-08.8416094800	VizieR	5553	1020	1	208.47506025	-08.84160948	9.634	10.240	mc5	0.632	6030	G0 V	197259
207.2024840900	-09.5606169600	VizieR	5553	1039	1	207.20248409	-09.56061696	9.442	9.745	mc5	0.131	6890	F2 V	197260
207.4033443300	-09.1989056200	VizieR	5553	1047	1	207.40334433	-09.19890562	9.272	11.109	mc5	0.231	3620	M2/3 III	197261
206.9949698200	-08.7896428400	VizieR	5553	1109	1	206.99496982	-08.78964284	9.133	10.298	mc5	0.010	5570	G8 V	197262
208.6965344000	-09.8949339300	VizieR	5553	1199	1	208.69653440	-09.89493393	9.672	11.064	mc5	0.094	4750	K0 IV	197263
208.7825536900	-09.5736468900	VizieR	5553	1273	1	208.78255369	-09.57364689	9.281	10.945	mc5	0.113	4200	K3 III	197264
208.4799578100	-08.4843806100	VizieR	5553	1318	1	208.47995781	-08.48438061	7.815	8.805	mc5	0.722	5150	G6 IV	197265
209.1370260800	-08.5571332000	VizieR	5553	1422	1	209.13702608	-08.55713320	9.035	9.369	mc5	0.036	6890	F2 V	197268
208.8840406000	-09.5238572200	VizieR	5553	1436	1	208.88404060	-09.52385722	7.876	8.271	mc5	0.363	8100	A5/7 II	197269
208.9713296600	-09.7552854900	VizieR	5553	1503	1	208.97132966	-09.75528549	6.900	7.410	mc5	0.115	6440	F6/7 V	197271
208.9498170000	-09.5599130300	VizieR	5553	1591	1	208.94981700	-09.55991303	6.865	8.763	mc5	0.181	3950	K5 III	197272
210.9906026900	-09.7450876000	VizieR	5554	698	1	210.99060269	-09.74508760	7.374	8.523	mc5	0.214	4750	K0 III	197288
210.7508397000	-09.5093989700	VizieR	5554	799	1	210.75083970	-09.50939897	8.754	9.207	mc5	0.308	6890	F2 V	197289
210.4096356200	-09.9401094400	VizieR	5554	843	1	210.40963562	-09.94010944	8.697	9.135	mc5	0.070	6440	Fm delta DEL	197290
211.1086237900	-09.7879590700	VizieR	5554	1041	1	211.10862379	-09.78795907	9.925	10.418	mc5	0.325	6030	G1 V	197294
209.9960503900	-09.3162058300	VizieR	5554	1213	1	209.99605039	-09.31620583	9.703	11.071	mc5	0.176	4750	K0/1 III	197297
209.9306625300	-09.6441613200	VizieR	5554	1309	1	209.93066253	-09.64416132	9.359	10.653	mc5	0.200	4750	K0 III	197298
209.7281880000	-09.3907440800	VizieR	5554	1341	1	209.72818800	-09.39074408	9.925	10.624	mc5	0.131	6440	F6 V	197299
209.6711396300	-09.2091258800	VizieR	5554	1487	1	209.67113963	-09.20912588	9.834	11.584	mc5	0.136	4420	K2 III	197304
210.2954438400	-09.2541663900	VizieR	5554	1654	1	210.29544384	-09.25416639	9.740	10.376	mc5	0.780	5860	G3 V	197310
209.5527525000	-09.0527592600	VizieR	5554	1661	1	209.55275250	-09.05275926	9.186	9.804	mc5	0.162	6030	G1/2 V	197311
208.7969770300	-12.4489774300	VizieR	5556	15	1	208.79697703	-12.44897743	8.250	10.092	mc5	0.138	3950	K5 III	197374
207.8923770000	-12.3897130400	VizieR	5556	25	1	207.89237700	-12.38971304	9.169	9.739	mc5	0.533	6440	F7 V	197375
208.4360717900	-12.3145266900	VizieR	5556	82	1	208.43607179	-12.31452669	9.137	9.638	mc5	0.357	6890	F2/3 V	197376
207.1305441700	-11.3065416000	VizieR	5556	154	1	207.13054417	-11.30654160	8.588	9.225	mc5	0.185	6440	F5 V	197377
207.7044885500	-11.3587818700	VizieR	5556	170	1	207.70448855	-11.35878187	7.944	9.931	mc5	0.055	3720	M1 III	197378
206.9779176600	-10.7900489500	VizieR	5556	177	1	206.97791766	-10.79004895	9.926	10.671	mc5	0.124	5860	G2 V	197379
208.0379904900	-10.9390546300	VizieR	5556	212	1	208.03799049	-10.93905463	9.958	10.389	mc5	0.075	6890	F3 V	197380
207.6327370200	-10.7840749200	VizieR	5556	253	1	207.63273702	-10.78407492	9.307	10.566	mc5	0.125	4900	G8 IV	197381
207.8341804000	-10.3799517000	VizieR	5556	256	1	207.83418040	-10.37995170	10.140	10.762	ppS	0.703	6200	F8	197382
208.5704326400	-10.8916232500	VizieR	5556	476	1	208.57043264	-10.89162325	9.851	11.160	mc5	0.020	4600	K1/2 III	197383
208.2240304500	-10.6825973200	VizieR	5556	519	1	208.22403045	-10.68259732	7.793	9.013	mc5	0.474	4750	K0 III/IV	197384
207.4482727900	-11.0129118700	VizieR	5556	565	1	207.44827279	-11.01291187	9.719	10.572	mc5	1.638	5250	K0 V	197385
208.2031723400	-11.8464602500	VizieR	5556	580	1	208.20317234	-11.84646025	10.446	11.494	mc5	1.263	4900	G8 IV	197386
207.8303289600	-11.7798319900	VizieR	5556	699	1	207.83032896	-11.77983199	9.411	9.751	mc5	0.112	7850	A9 V	197387
207.7467574200	-11.4186715100	VizieR	5556	749	1	207.74675742	-11.41867151	9.168	11.012	mc5	0.167	4200	K3 III	197388
206.9704336100	-10.1832881700	VizieR	5556	765	1	206.97043361	-10.18328817	9.091	9.357	mc5	0.048	8100	A6 IV	197389
207.2972738300	-10.1937177500	VizieR	5556	809	1	207.29727383	-10.19371775	10.368	11.546	ppS	0.228	6030	G0	197390
208.5330046100	-11.6953747200	VizieR	5556	814	1	208.53300461	-11.69537472	7.528	9.207	mc5	0.143	4420	K2 III	197391
207.0115154100	-11.4805995500	VizieR	5556	903	1	207.01151541	-11.48059955	8.905	10.139	mc5	0.154	4900	G8 III/IV	197392
207.7572549300	-10.5057448700	VizieR	5556	985	1	207.75725493	-10.50574487	8.968	10.232	mc5	0.141	4750	K0 III	197393
207.9175686100	-11.8638580000	VizieR	5556	1092	1	207.91756861	-11.86385800	10.227	10.963	mc5	0.272	5860	G2/3 V	197394
207.0419075400	-10.7887506600	VizieR	5556	1132	1	207.04190754	-10.78875066	8.442	9.386	mc5	2.162	5250	K0 V	197395
206.9590395200	-11.2844464700	VizieR	5556	1214	1	206.95903952	-11.28444647	9.537	11.555	mc5	0.161	3950	K5/M0 (III)	197396
207.5240115800	-12.0066114000	VizieR	5556	1229	1	207.52401158	-12.00661140	10.485	10.847	mc5	0.079	7200	F0 V	197397
209.0703092300	-12.4034965300	VizieR	5556	1310	1	209.07030923	-12.40349653	10.772	10.710	mc5	0.265	11000	B9 III/IV	197398
208.9221803800	-11.4546532400	VizieR	5556	1359	1	208.92218038	-11.45465324	10.050	11.288	mc5	0.045	4900	G8 III/IV	197399
209.1401138300	-11.0113117100	VizieR	5556	1365	1	209.14011383	-11.01131171	10.561	10.994	ppS	0.658	6440	F5	197400
209.2454749900	-10.2573425900	VizieR	5556	1392	1	209.24547499	-10.25734259	9.806	10.306	mc5	0.141	6890	F3 V	197401
208.9733953200	-11.6045414600	VizieR	5556	1421	1	208.97339532	-11.60454146	10.077	10.584	mc5	0.389	6440	F6/7 V	197402
208.9402656300	-11.9176858100	VizieR	5556	1473	1	208.94026563	-11.91768581	9.965	11.352	mc5	0.147	4900	G8/K0 (IV)	197403
209.1516142100	-10.0339503000	VizieR	5556	1541	1	209.15161421	-10.03395030	7.747	8.347	mc5	1.980	6030	G0 V	197404
208.8813268600	-12.2230640800	VizieR	5556	1559	1	208.88132686	-12.22306408	8.085	9.340	mc5	0.091	4750	K0 III	197405
209.2213661100	-10.7036980600	VizieR	5556	1563	1	209.22136611	-10.70369806	9.824	10.276	mc5	0.197	6890	F3/5 V	197406
209.1985442200	-10.7742837800	VizieR	5556	1634	1	209.19854422	-10.77428378	8.956	9.351	mc5	0.797	6890	F3 V	197407
211.0503570100	-12.1297880200	VizieR	5557	128	1	211.05035701	-12.12978802	7.980	8.387	mc5	0.351	7200	F0 V	197408
210.5818200500	-11.0828830300	VizieR	5557	199	1	210.58182005	-11.08288303	8.593	9.731	mc5	0.330	4750	K0 III	197409
209.8457811700	-10.7344524500	VizieR	5557	205	1	209.84578117	-10.73445245	9.960	10.470	mc5	0.279	5770	G6 V	197410
210.8804826800	-10.7312714100	VizieR	5557	338	1	210.88048268	-10.73127141	7.679	9.646	mc5	0.106	3950	K5 III	197413
211.3864867900	-11.4869469400	VizieR	5557	340	1	211.38648679	-11.48694694	9.602	10.027	mc5	0.357	6890	F2 V	197414
210.2515443700	-11.3093133900	VizieR	5557	341	1	210.25154437	-11.30931339	9.245	11.174	mc5	0.136	3720	M1 III	197415
209.4359181500	-10.9245988800	VizieR	5557	367	1	209.43591815	-10.92459888	8.861	10.211	mc5	0.111	4600	K1 III/IV	197416
210.1638662100	-10.5283374200	VizieR	5557	489	1	210.16386621	-10.52833742	8.998	10.344	mc5	0.401	4600	K1 III	197420
209.8978630600	-12.0420230500	VizieR	5557	591	1	209.89786306	-12.04202305	9.357	10.723	mc5	0.083	4900	G8/K0 III/IV	197421
210.8631877400	-10.9673064400	VizieR	5557	627	1	210.86318774	-10.96730644	7.685	7.998	mc5	0.091	8100	A5 IV	197422
210.4697352600	-11.4727928200	VizieR	5557	651	1	210.46973526	-11.47279282	9.108	9.665	mc5	0.397	6440	F5 V	197423
210.0151116300	-11.7857676100	VizieR	5557	694	1	210.01511163	-11.78576761	8.710	9.274	mc5	0.895	6440	F6 V	197424
210.6329191000	-10.4620775600	VizieR	5557	710	1	210.63291910	-10.46207756	9.610	10.075	ppS	0.330	6440	F5	197426
210.8147198300	-11.7982157300	VizieR	5557	723	1	210.81471983	-11.79821573	9.408	9.952	mc5	0.334	6890	F3/5 V	197427
211.0961466700	-11.4949414900	VizieR	5557	765	1	211.09614667	-11.49494149	9.529	11.092	mc5	0.157	4600	K1 (III)	197428
210.7372720500	-10.4656133400	VizieR	5557	798	1	210.73727205	-10.46561334	8.742	9.076	mc5	0.184	7850	A9 V	197429
210.6056317600	-11.7118590600	VizieR	5557	941	1	210.60563176	-11.71185906	10.048	10.682	mc5	0.345	6440	F6/7 V	197430
211.3700034300	-11.4793478000	VizieR	5557	969	1	211.37000343	-11.47934780	10.195	10.645	mc5	0.337	6440	F6 V	197431
211.5090142200	-11.5907138200	VizieR	5557	998	1	211.50901422	-11.59071382	9.739	10.822	mc5	0.300	4900	G8 IV	197432
210.3083443800	-10.3773250300	VizieR	5557	1148	1	210.30834438	-10.37732503	8.958	9.442	mc5	0.349	6890	F3 V	197433
210.9744762600	-11.2729753400	VizieR	5557	1335	1	210.97447626	-11.27297534	8.213	9.635	mc5	0.217	4600	K1 III	197435
209.6063297100	-11.1574215000	VizieR	5557	1372	1	209.60632971	-11.15742150	9.668	10.137	mc5	0.072	6890	F3 V	197436
209.9460870500	-10.4377746700	VizieR	5557	1384	1	209.94608705	-10.43777467	10.092	11.124	mc5	1.153	4600	K1 III	197437
209.5129841200	-10.0906266500	VizieR	5557	1426	1	209.51298412	-10.09062665	9.407	9.879	mc5	0.110	6890	F3 V	197440
209.4475557900	-11.5368169400	VizieR	5557	1457	1	209.44755579	-11.53681694	8.127	8.394	mc5	0.343	7850	A7 V	197441
210.5835389500	-12.0371245700	VizieR	5557	1506	1	210.58353895	-12.03712457	8.797	9.585	mc5	0.242	5860	G3/5 V	197442
210.2985852100	-11.9303879500	VizieR	5557	1585	1	210.29858521	-11.93038795	9.220	10.405	mc5	0.094	4900	G8 III	197443
209.6118320100	-12.0592816400	VizieR	5557	1626	1	209.61183201	-12.05928164	7.148	8.312	mc5	1.690	4750	K0 III/IV	197444
207.0893047600	-13.5387727500	VizieR	5559	80	1	207.08930476	-13.53877275	9.848	11.293	mc4	0.178	4750	K0/1 (III)	197499
208.1187363000	-12.6324236800	VizieR	5559	104	1	208.11873630	-12.63242368	10.444	11.010	mc4	0.098	6200	F8/G1 (V)	197500
206.8433844500	-12.9029457800	VizieR	5559	106	1	206.84338445	-12.90294578	9.098	9.475	mc4	0.277	7200	F0 V	197501
207.8964156000	-13.0150984000	VizieR	5559	197	1	207.89641560	-13.01509840	7.139	8.293	mc4	0.949	4900	G8/K0 III	197503
208.9232066000	-13.7403194600	VizieR	5559	212	1	208.92320660	-13.74031946	8.542	9.703	mc4	0.367	4900	G8 IV	197504
207.4371559400	-12.5514493400	VizieR	5559	251	1	207.43715594	-12.55144934	8.125	10.156	mc4	0.024	3720	M1 III	197505
208.5603369200	-14.1061496200	VizieR	5559	253	1	208.56033692	-14.10614962	10.086	10.709	mc4	0.205	7200	F0 V	197506
208.7940610500	-13.9596085700	VizieR	5559	447	1	208.79406105	-13.95960857	10.063	10.895	mc4	0.490	6200	F8/G0 V	197507
207.5869677300	-13.1102479800	VizieR	5559	476	1	207.58696773	-13.11024798	7.708	9.677	mc4	0.183	3720	M1 III	197508
208.2534450500	-12.7060554200	VizieR	5559	585	1	208.25344505	-12.70605542	10.313	10.935	mc4	0.048	6440	F6/8 V	197509
208.1809259600	-12.6203899700	VizieR	5559	991	1	208.18092596	-12.62038997	10.511	10.829	mc4	0.053	6440	F5/8	197524
209.3205428000	-13.4673040700	VizieR	5559	1169	1	209.32054280	-13.46730407	9.699	11.059	mc4	0.253	4900	G8 IV	197525
209.1964496000	-13.8775578800	VizieR	5559	1223	1	209.19644960	-13.87755788	9.078	9.456	mc4	0.375	7200	F0 V	197526
209.1153282000	-13.8927604100	VizieR	5559	1313	1	209.11532820	-13.89276041	10.046	11.220	mc4	0.116	4900	G8/K0 (III)	197527
207.7744659100	-13.6792119600	VizieR	5559	1341	1	207.77446591	-13.67921196	7.186	7.621	mc4	0.365	6870	F3 IV	197528
210.4231094100	-13.2124846600	VizieR	5560	4	1	210.42310941	-13.21248466	10.176	10.685	mc4	0.265	6440	F6/7 V	197529
210.0103303900	-13.7169190500	VizieR	5560	178	1	210.01033039	-13.71691905	9.616	10.082	mc4	0.266	6890	F2 V	197531
210.7892996100	-12.6209504300	VizieR	5560	439	1	210.78929961	-12.62095043	9.668	10.349	mc4	0.455	6030	G0 V	197538
210.0313428300	-13.4667730200	VizieR	5560	636	1	210.03134283	-13.46677302	7.796	9.095	mc4	0.356	4750	K0 III	197542
210.9297426400	-13.0224283400	VizieR	5560	714	1	210.92974264	-13.02242834	9.658	11.741	mc4	0.216	3950	K5/M1	197545
210.3461843500	-12.9184023100	VizieR	5560	879	1	210.34618435	-12.91840231	9.909	10.596	mc4	0.323	5850	G1 IV	197546
210.0177019600	-12.7064390500	VizieR	5560	1079	1	210.01770196	-12.70643905	9.578	10.165	mc4	0.599	6440	F6 V	197552
209.5753033800	-12.6253092100	VizieR	5560	1135	1	209.57530338	-12.62530921	9.633	10.227	mc4	0.495	6440	F5 V	197553
210.1902754300	-13.5696057700	VizieR	5560	1227	1	210.19027543	-13.56960577	10.003	10.936	mc4	0.887	5250	K0 V	197557
211.0031704800	-12.7526238700	VizieR	5560	1326	1	211.00317048	-12.75262387	8.310	8.431	mc4	0.171	9520	A0 V	197561
